15 10
9.7 14.4 15.2 17.5 12.5 12.2 15.2 12.9 14.6 15.4 
15.6 11 15.9 18.2 16.6 18.2 11 12.3 16.2 11.9 
18.3 18.3 17.3 17.8 11.3 18 10.6 16.8 16.2 18.1 
13.8 17.9 11.1 14.1 13 15 9.9 12.8 16.2 10.3 
11.8 10.2 17.2 11.4 16.6 18.5 16.9 14 15.8 12.1 
10.3 12.7 11.8 13.6 12.6 15.4 13.5 17.3 13.8 13.7 
15.3 15.7 18.7 9.9 14.6 10.1 15.2 11.1 14.1 13.7 
18.6 15.1 16.4 12.2 17.8 17.3 12.6 17.5 14.3 11.5 
17.7 14 18.6 9.9 18.4 17.3 12.2 11.5 13.6 15.8 
12.2 18.4 11.3 15.6 10.1 17.6 10.1 14 13.9 10.6 
10.5 12.9 10.1 18.4 18.6 14.8 9.6 15.2 16.4 13.1 
14.8 11.1 15.7 11.5 15 17.4 14.6 18.4 13 15.3 
10.8 16.3 16.1 17.6 17.1 15.6 12.1 13.7 15 10.3 
10.7 18.2 11.9 17.6 14.9 11.4 17.5 11.5 12.4 10 
13.7 12.6 15.3 13 18.1 16.3 10.2 12.7 13.1 14.8 

