20 20
10.9 10.8 14.2 9.8 14.2 11.4 10.4 11.5 13.3 12.6 13.6 11 16.9 16.2 16.7 16.7 11.6 17.2 14.8 12 
13.5 13.7 12.2 16.5 12.3 18.6 13.4 12.6 18.4 10.9 16.6 10.9 11.4 15.4 18.1 18.3 10.2 12.8 10.5 16.8 
16.9 15.3 9.9 17.9 18.4 17.6 12.8 18.6 17 12.8 10.3 14.9 18.4 12.3 12.6 17.5 12.1 11.4 13.3 14.3 
18.3 13.7 9.6 18.5 9.9 10.3 16.6 17.7 17.9 18.1 10.1 16.6 12.3 17.9 17.9 9.7 12.8 15.3 13.2 10.1 
10.3 10.9 9.7 17.4 18 11 15 14.7 16.2 11.7 11.4 14.2 17 13.5 13.8 13.2 13.4 10.8 10.2 16.2 
12.3 10.5 14.2 14.5 15.6 17.2 10.9 12.9 11.8 10.7 13.4 13.3 16.6 17.5 13.4 18.5 14.8 11.2 15.1 11.9 
13.6 16.1 17.4 11.4 16.9 11.7 15.9 16.6 10.8 13.5 17.2 12.8 14.4 9.8 18.4 14.2 15.7 10.1 16.2 17.6 
17.9 14.4 18.4 13.4 15.9 11.1 12.5 17.4 11.4 14.4 17.8 12.8 11.3 12.6 13.1 14.2 11.6 9.9 11.4 14.4 
18.3 15.5 10.7 16 17.5 17.2 18.5 10.4 10.6 11.7 16 13.7 15.4 9.6 14.8 14.4 15.2 16 16.4 13.2 
10.3 12.8 9.7 11.9 16.6 16.2 17.1 12.6 12.6 18.4 14.5 10.3 15.7 13.5 18.3 15.7 15.1 16.1 10.3 15.7 
16.6 9.7 10.6 18.6 16 15.9 16.6 10.6 12.6 10.9 16.3 14.2 14.1 17 13.9 13 18.3 14.6 11.5 14.8 
13.5 11.5 11.6 17 10.2 13.6 12.9 11 9.9 16.9 16.7 15.7 13.4 10.1 18.5 13.3 13.3 16.6 10.4 15 
15.1 10.9 12.5 10.5 16.3 10.2 16.9 10.6 14.3 13.9 14.7 10.8 16.8 17.8 16.8 10.9 17.9 12.6 13 10.3 
13.3 11.9 15.2 14.2 17.3 9.7 12.7 15.1 9.6 13 10 13.1 11.6 12.7 14.3 10.3 10.3 12 14.5 17.6 
11.9 10.9 18 18.2 16 11.5 16.7 14 9.6 16.5 9.8 12.6 9.9 11.7 10.9 14.7 17.2 14.6 11.5 14.1 
16.8 15.7 11.3 17.6 18.4 13.3 13 12.6 16.9 14.8 11.6 10.4 18.2 11.5 12.6 17.7 13.6 12.1 16.1 11.7 
10.6 13 12.7 17.1 11.2 17.8 17.4 11.9 11.1 12.6 15.5 18.5 10 16.9 10 14 15.3 18.7 17.9 16.8 
11.3 10.8 13 10.8 12.8 12.8 16.8 17.6 12.2 12.1 10.7 16.9 9.7 17.3 12.9 13.9 10.7 13.3 12.5 18.7 
15.2 18.6 15.6 18.3 10.1 18.2 10.9 15.1 18.5 16.5 11.2 12.8 14.3 10.6 14.3 13.4 12.2 11.4 12.9 17.1 
14.3 12.8 14.6 15 14.2 17.1 10.6 11.2 11 17.8 10 11.3 18.3 11.3 12.2 12.7 10.4 11.9 9.8 15.6 

