15 15
15.3 10.9 9.8 10.3 9.6 12.7 15.8 14.2 15.8 15.6 17.8 15 13.4 15.5 14.7 
18.6 12.9 15.9 10.3 16.5 13 9.7 12.7 14.4 15.1 18.1 18.1 17.7 12.8 13.5 
14.7 10 10.5 16.9 16.5 15.6 17.6 17.2 17.4 10.1 17 17.9 11.4 14.7 18.6 
15.4 14.6 11 14 14.7 17.2 13.2 16.2 11.3 10.4 14.2 10.4 12 15.3 17 
15.7 12.2 14.5 12.8 13.2 11.9 13.2 16.8 13 16 10.9 14.4 13.6 18.2 13 
10.8 18.4 15.4 16.5 18.1 18.7 13.9 16 18.3 14.5 11.9 13.1 10 10.8 11 
17.7 11.7 16.1 11.3 15.9 13.4 15.7 9.8 12.7 11.8 11 18.5 13.6 11.4 16 
12.4 17.3 10.4 9.7 15.8 10.3 15.1 10.2 18.4 10.4 11.7 13.7 11.9 11.1 13.4 
17.8 10.7 11 18.1 11.1 10.8 17.9 14.3 10.3 15.3 9.6 16.8 17.5 16 15.6 
12.9 16.5 14.4 18.7 11.7 16.7 16.9 13.4 13.8 17.4 14.8 13.1 9.7 10.8 11.5 
12.4 18 14.6 16.1 16.9 16 15.7 11.2 10.5 18.2 16.7 15.2 16.7 11.7 11.2 
17.8 16.1 12.1 16.7 10.7 11.9 12.6 18.1 9.9 15.9 16.6 14.2 17 9.6 10.1 
11.7 11 16.3 17.2 11.7 13.7 11.9 12.5 17.7 12.8 11.3 18.4 18.1 14.2 10.5 
12.7 16.3 15.1 14.1 11.9 17.9 15.4 9.6 11.1 10.7 13.2 16.9 17.1 11.3 11.8 
12.9 11.1 13.3 10.7 12.8 13.5 10.5 17.6 18 14.8 13.8 15.7 10 17.6 15.8 

